Pass: input was [-43, 23]; output was [-43, 23]
Pass: input was [7]; output was [7]
Fail: input was [23, -43]; expected [-43, 23]; but got [23, -43]
Pass: input was []; output was []
Fail: input was [23, -43, -99, -49, 58, -92]; expected [-99, -92, -49, -43, 23, 58]; but got [23, -99, -92, -49, -43, 58]
Fail: input was [23, -43, -40, -21, 3]; expected [-43, -40, -21, 3, 23]; but got [23, -43, -40, -21, 3]
Pass: input was [-43, 23]; output was [-43, 23]
Fail: input was [23, -99, -43, -49, 58, -92]; expected [-99, -92, -49, -43, 23, 58]; but got [23, -99, -92, -49, -43, 58]
Fail: input was [23, -43, -99, -49, -92, 58]; expected [-99, -92, -49, -43, 23, 58]; but got [23, -99, -92, -49, -43, 58]
Fail: input was [23, -43, -99, -49, -92, 58, 15, 88, -94]; expected [-99, -94, -92, -49, -43, 15, 23, 58, 88]; but got [23, -99, -94, -92, -49, -43, 15, 58, 88]
Fail: input was [23, -43, -99, -49, -92, 58, -77, 81, -83, 90, -35, -69, 40, -12]; expected [-99, -92, -83, -77, -69, -49, -43, -35, -12, 23, 40, 58, 81, 90]; but got [23, -99, -92, -83, -77, -69, -49, -43, -35, -12, 40, 58, 81, 90]
Fail: input was [23, -43, -99, -49, -92, 58, -77, 81, -83, -35, 90, -69, 40, -12]; expected [-99, -92, -83, -77, -69, -49, -43, -35, -12, 23, 40, 58, 81, 90]; but got [23, -99, -92, -83, -77, -69, -49, -43, -35, -12, 40, 58, 81, 90]
Fail: input was [23, -43, -99, -49, -92, 58, -77, 81, -83, 90, -69, -35, 40, -12]; expected [-99, -92, -83, -77, -69, -49, -43, -35, -12, 23, 40, 58, 81, 90]; but got [23, -99, -92, -83, -77, -69, -49, -43, -35, -12, 40, 58, 81, 90]
Fail: input was [23, -43, -99, -49, -92, -77, 58, 81, -83, 90, -69, -35, 40, -12]; expected [-99, -92, -83, -77, -69, -49, -43, -35, -12, 23, 40, 58, 81, 90]; but got [23, -99, -92, -83, -77, -69, -49, -43, -35, -12, 40, 58, 81, 90]
Fail: input was [23, -43, -99, -49, -92, 58, -77, 81, -83, 90, -35, -69, 40, -12, 17]; expected [-99, -92, -83, -77, -69, -49, -43, -35, -12, 17, 23, 40, 58, 81, 90]; but got [23, -99, -92, -83, -77, -69, -49, -43, -35, -12, 17, 40, 58, 81, 90]
Fail: input was [23, -43, -99, -92, -49, 58, -77, 81, -83, 90, -35, -69, 40, -12]; expected [-99, -92, -83, -77, -69, -49, -43, -35, -12, 23, 40, 58, 81, 90]; but got [23, -99, -92, -83, -77, -69, -49, -43, -35, -12, 40, 58, 81, 90]
Fail: input was [23, -43, 46, 62, -85]; expected [-85, -43, 23, 46, 62]; but got [23, -85, -43, 46, 62]
Fail: input was [23, -43, -99, -49, -92, 58, -77, 81, -83, 90, -35, -69, 40, -12, 27, 23]; expected [-99, -92, -83, -77, -69, -49, -43, -35, -12, 23, 23, 27, 40, 58, 81, 90]; but got [23, -99, -92, -83, -77, -69, -49, -43, -35, -12, 23, 27, 40, 58, 81, 90]
Fail: input was [23, -99, -43, -49, 58, -92, -51, -41, 59, 51, -97]; expected [-99, -97, -92, -51, -49, -43, -41, 23, 51, 58, 59]; but got [23, -99, -97, -92, -51, -49, -43, -41, 51, 58, 59]
Fail: input was [23, -43, -99, -49, -92, -77, 58, 81, -83, 90, -35, -69, 40, -12]; expected [-99, -92, -83, -77, -69, -49, -43, -35, -12, 23, 40, 58, 81, 90]; but got [23, -99, -92, -83, -77, -69, -49, -43, -35, -12, 40, 58, 81, 90]
Fail: input was [23, -43, -99, -49, -92, 58, -77, 81, -83, -35, 90, -69, -12, 40]; expected [-99, -92, -83, -77, -69, -49, -43, -35, -12, 23, 40, 58, 81, 90]; but got [23, -99, -92, -83, -77, -69, -49, -43, -35, -12, 40, 58, 81, 90]
Fail: input was [23, -43, -99, -49, -92, 58, -77, 81, -83, -35, 90, -69, -12, 40, -16, 90, 70, 73, 47, -99]; expected [-99, -99, -92, -83, -77, -69, -49, -43, -35, -16, -12, 23, 40, 47, 58, 70, 73, 81, 90, 90]; but got [23, -99, -99, -92, -83, -77, -69, -49, -43, -35, -16, -12, 40, 47, 58, 70, 73, 81, 90, 90]
Fail: input was [23, -43, -99, -92, -49, 58, -77, -83, 81, 90, -35, -69, 40, -12]; expected [-99, -92, -83, -77, -69, -49, -43, -35, -12, 23, 40, 58, 81, 90]; but got [23, -99, -92, -83, -77, -69, -49, -43, -35, -12, 40, 58, 81, 90]
Fail: input was [23, -43, -99, -49, -92, 58, 15, 88, -94, -64, -32, 66, -91, -2, 79, -56]; expected [-99, -94, -92, -91, -64, -56, -49, -43, -32, -2, 15, 23, 58, 66, 79, 88]; but got [23, -99, -94, -92, -91, -64, -56, -49, -43, -32, -2, 15, 58, 66, 79, 88]
Fail: input was [23, -43, -99, -49, -92, -77, 58, 81, -83, 90, -69, -35, 40, -12]; expected [-99, -92, -83, -77, -69, -49, -43, -35, -12, 23, 40, 58, 81, 90]; but got [23, -99, -92, -83, -77, -69, -49, -43, -35, -12, 40, 58, 81, 90]
Fail: input was [23, -43, -99, -92, -49, 58, -77, 81, -83, 90, -35, -69, 40, -12, 44, 14, 43, 85, -34, 56, 95]; expected [-99, -92, -83, -77, -69, -49, -43, -35, -34, -12, 14, 23, 40, 43, 44, 56, 58, 81, 85, 90, 95]; but got [23, -99, -92, -83, -77, -69, -49, -43, -35, -34, -12, 14, 40, 43, 44, 56, 58, 81, 85, 90, 95]
Fail: input was [23, -43, -99, -92, -49, 58, -77, 81, -83, 90, -35, -69, 40, -12, 44, 14, 43, -34, 85, 56, 95]; expected [-99, -92, -83, -77, -69, -49, -43, -35, -34, -12, 14, 23, 40, 43, 44, 56, 58, 81, 85, 90, 95]; but got [23, -99, -92, -83, -77, -69, -49, -43, -35, -34, -12, 14, 40, 43, 44, 56, 58, 81, 85, 90, 95]
Fail: input was [23, -43, -99, -92, -49, 58, -77, 81, -83, -35, 90, -69, 40, -12]; expected [-99, -92, -83, -77, -69, -49, -43, -35, -12, 23, 40, 58, 81, 90]; but got [23, -99, -92, -83, -77, -69, -49, -43, -35, -12, 40, 58, 81, 90]
Fail: input was [23, -43, -99, -92, -49, 58, -77, 81, -83, 90, -35, -69, 40, -12, 17]; expected [-99, -92, -83, -77, -69, -49, -43, -35, -12, 17, 23, 40, 58, 81, 90]; but got [23, -99, -92, -83, -77, -69, -49, -43, -35, -12, 17, 40, 58, 81, 90]
Fail: input was [23, -43, -99, -92, -49, 58, -77, 81, -83, 90, -35, -69, 40, -12, 44, 14, 43, 85, -34, 56, 95, -29, 92, 14, -64, 77, 13, -16, 17, -57]; expected [-99, -92, -83, -77, -69, -64, -57, -49, -43, -35, -34, -29, -16, -12, 13, 14, 14, 17, 23, 40, 43, 44, 56, 58, 77, 81, 85, 90, 92, 95]; but got [23, -99, -92, -83, -77, -69, -64, -57, -49, -43, -35, -34, -29, -16, -12, 13, 14, 14, 17, 40, 43, 44, 56, 58, 77, 81, 85, 90, 92, 95]
